1.76416015625,

3.996826171875,

-3.313446044921875,

0.7293701171875,

8.2550048828125,

10.360137939453125,

-7.908477783203125,

-22.0255126953125,

-15.046600341796875,

-25.097503662109375,

-16.007232666015625,

-27.22760009765625,

-27.313873291015625,

-29.6881103515625,

-41.347869873046875,

-34.6593017578125,

-39.2210693359375,

-35.700408935546875,

-28.350616455078125,

-35.107818603515625,

-34.028289794921875,

-31.473297119140625,

-31.57269287109375,

-29.02850341796875,

-29.80706787109375,

-30.01263427734375,

-21.4552001953125,

-20.34002685546875,

5.092681884765625,

16.556488037109375,

19.0970458984375,

22.732208251953125,

24.0909423828125,

26.497833251953125,

28.449188232421875,

31.24920654296875,

22.68817138671875,

25.623321533203125,

14.694732666015625,

15.061859130859375,

23.491729736328125,

22.32489013671875,

18.6986083984375,

15.500823974609375,

19.5396728515625,

26.65704345703125,

25.53192138671875,

15.286834716796875,

17.7685546875,

13.998260498046875,

15.24871826171875,

12.6549072265625,

7.964447021484375,

13.681610107421875,

7.161712646484375,

6.399322509765625,

11.86395263671875,

6.89691162109375,

5.72314453125,

6.450042724609375,

2.7205810546875,

6.36297607421875,

5.855377197265625,

4.93670654296875,

5.441375732421875,

1.897613525390625,

-1.336517333984375,

2.636810302734375,

1.1265869140625,

3.9815673828125,

1.517730712890625,

0.776580810546875,

-5.50921630859375,

-7.6236572265625,

-13.084869384765625,

-17.597625732421875,

-24.15081787109375,

-21.176788330078125,

-27.44232177734375,

-36.66571044921875,

-28.2568359375,

-33.111297607421875,

-53.9000244140625,

-44.57183837890625,

-56.284210205078125,

-46.946441650390625,

-32.176727294921875,

-18.978485107421875,

-7.691192626953125,

-9.329833984375,

13.486083984375

5.86273193359375

11.8653564453125

11.64617919921875

10.590087890625

13.142242431640625

7.149322509765625

4.809112548828125

9.972503662109375

6.3416748046875

2.473297119140625

3.1422119140625

0.859466552734375

4.94488525390625

2.8094482421875

5.443756103515625

1.374542236328125

-4.36578369140625

-9.215545654296875

-11.0347900390625

-23.590179443359375

-26.606597900390625

-31.65191650390625

-41.485687255859375

-42.33050537109375

-38.04986572265625

-40.892425537109375

-52.5416259765625

-64.68563842773438

-68.03933715820312

-62.372955322265625

-53.7960205078125

-51.228118896484375

-53.1082763671875

-45.52093505859375

-46.6134033203125

-45.8394775390625

-41.496490478515625

-31.915069580078125

-9.30743408203125

-5.631591796875

12.476898193359375

26.102569580078125

32.060516357421875

42.60650634765625

50.2852783203125

53.64874267578125

57.9639892578125

58.106536865234375

65.29833984375

48.302886962890625

37.987030029296875

37.0234375

30.58441162109375

29.293853759765625

31.78900146484375

36.874176025390625

37.7623291015625

34.079986572265625

37.85308837890625

38.79486083984375

23.57550048828125

15.405670166015625

27.172210693359375

9.8062744140625

3.9007568359375

7.909881591796875

0.3009033203125

-7.909027099609375

-0.326873779296875

-1.535797119140625

-3.053436279296875

3.401611328125

2.01434326171875

5.2669677734375

1.68389892578125

7.125091552734375

3.63861083984375

-1.518218994140625

3.787261962890625

-2.490814208984375

3.60113525390625

-0.23260498046875

-2.359649658203125

0.932464599609375

0.124114990234375

5.027496337890625

2.536590576171875

-0.7916259765625

2.22576904296875

0.341156005859375

0.642578125

6.50146484375

9.16314697265625

-2.35400390625

1.91558837890625

3.021209716796875

1.264739990234375

6.5628662109375

6.68121337890625

4.06890869140625

4.6243896484375

2.775115966796875

-0.99749755859375

2.19549560546875

-3.856414794921875

-9.156219482421875

-15.758880615234375

-13.115447998046875

-28.095428466796875

-26.370086669921875

-30.939483642578125

-29.693267822265625

-28.233428955078125

-32.22760009765625

-29.051910400390625

-27.577423095703125

-26.208465576171875

-19.582275390625

-20.27508544921875

-13.325714111328125

-9.71435546875

-2.304718017578125

8.13763427734375

13.2645263671875

16.95587158203125

18.89495849609375

22.5059814453125

22.278228759765625

28.844696044921875

22.982879638671875

24.078643798828125

26.62890625

24.8233642578125

22.376617431640625

18.799041748046875

19.023590087890625

15.036865234375

11.497833251953125

10.384063720703125

15.660308837890625

6.605926513671875

7.22979736328125

7.205352783203125

2.201263427734375

1.35028076171875

-1.360107421875

2.4095458984375

2.00177001953125

-0.338592529296875

3.277923583984375

2.275390625

3.19903564453125

4.712677001953125

0.822052001953125

3.376007080078125

-0.4847412109375

-0.71319580078125

0.525634765625

-3.197662353515625

-6.7181396484375

-6.98895263671875

-13.711700439453125

-13.303070068359375

-21.764892578125

-22.629730224609375

-22.453033447265625

-24.49139404296875

-24.14764404296875

-29.80389404296875

-22.7987060546875

-27.825439453125

-25.8388671875

-23.9091796875

-28.980255126953125

-27.9075927734375

-30.292022705078125

-35.0994873046875

-32.95318603515625

-28.848785400390625

-21.486785888671875

-10.54345703125

-1.610626220703125

11.2164306640625

16.433013916015625

24.895050048828125

23.907623291015625

22.398956298828125

22.902374267578125

31.735992431640625

25.457672119140625

37.42083740234375

32.65802001953125

34.548126220703125

27.01385498046875

22.31072998046875

17.219879150390625

18.033782958984375

19.06317138671875

22.6907958984375

20.802581787109375

22.721099853515625

18.421417236328125

13.99688720703125

8.16943359375

9.593414306640625

6.6812744140625

7.029815673828125

9.672607421875

12.492828369140625

16.485076904296875

8.1256103515625

12.62164306640625

5.505859375

1.358062744140625

0.889068603515625

1.76416015625

3.996826171875

-3.313446044921875

0.7293701171875

8.2550048828125

10.360137939453125

-7.908477783203125

-22.0255126953125

-15.046600341796875

-25.097503662109375

-16.007232666015625

-27.22760009765625

-27.313873291015625

-29.6881103515625

-41.347869873046875

-34.6593017578125

-39.2210693359375

-35.700408935546875

-28.350616455078125

-35.107818603515625

-34.028289794921875

-31.473297119140625

-31.57269287109375

-29.02850341796875

-29.80706787109375

-30.01263427734375

-21.4552001953125

-20.34002685546875

5.092681884765625

16.556488037109375

19.0970458984375

22.732208251953125

24.0909423828125

26.497833251953125

28.449188232421875

31.24920654296875

22.68817138671875

25.623321533203125

14.694732666015625

15.061859130859375

23.491729736328125

22.32489013671875

18.6986083984375

15.500823974609375

19.5396728515625

26.65704345703125

25.53192138671875

15.286834716796875

17.7685546875

13.998260498046875

15.24871826171875

12.6549072265625

7.964447021484375

13.681610107421875

7.161712646484375

6.399322509765625

11.86395263671875

6.89691162109375

5.72314453125

6.450042724609375

2.7205810546875

6.36297607421875

5.855377197265625

4.93670654296875

5.441375732421875

1.897613525390625

-1.336517333984375

2.636810302734375

1.1265869140625

3.9815673828125

1.517730712890625

0.776580810546875

-5.50921630859375

-7.6236572265625

-13.084869384765625

-17.597625732421875

-24.15081787109375

-21.176788330078125

-27.44232177734375

-36.66571044921875

-28.2568359375

-33.111297607421875

-53.9000244140625

-44.57183837890625

-56.284210205078125

-46.946441650390625

-32.176727294921875

-18.978485107421875

-7.691192626953125

-9.329833984375

-9.80340576171875

-21.918548583984375

-27.657806396484375

-41.030029296875

-45.06134033203125

-41.384735107421875

-50.4002685546875

-33.74542236328125

-24.414581298828125

-9.909210205078125

4.837127685546875

25.65203857421875

40.26702880859375

23.8251953125

32.765869140625

37.6131591796875

42.271514892578125

34.785400390625

34.915924072265625

41.186431884765625

36.574920654296875

31.831390380859375

32.83282470703125

30.860809326171875

37.52484130859375

38.709381103515625

24.635955810546875

30.442047119140625

14.668975830078125

11.01971435546875

8.289825439453125

11.17822265625

14.385711669921875

15.778411865234375

20.713165283203125

13.15106201171875

25.410614013671875

12.178497314453125

0.670379638671875

6.789093017578125

4.198211669921875

8.6343994140625

1.93798828125

3.60992431640625

10.1376953125

4.37652587890625

6.199798583984375

-0.864044189453125

3.27020263671875

8.978546142578125

3.3443603515625

9.04327392578125

5.46209716796875

3.1065673828125

-2.323394775390625

-18.4183349609375

-21.6724853515625

-26.377899169921875

-33.957427978515625

-33.4290771484375

-33.76531982421875

-37.429840087890625

-33.045928955078125

-37.97833251953125

-37.238006591796875

-33.798553466796875

-36.186187744140625

-35.32781982421875

-41.806243896484375

-28.784210205078125

-23.4014892578125

-9.131988525390625

11.952056884765625

16.6361083984375

22.59332275390625

18.21917724609375

26.009368896484375

30.87628173828125

25.15704345703125

22.746978759765625

29.78887939453125

19.7579345703125

25.7747802734375

36.24493408203125

11.06500244140625

19.499053955078125

16.420867919921875

11.58282470703125

14.048583984375

9.466949462890625

16.71600341796875

9.996826171875

8.35272216796875

31.598480224609375

4.95904541015625

10.710906982421875

4.461334228515625

8.9476318359375

15.42816162109375

5.457550048828125

7.665557861328125

9.411834716796875

5.306365966796875

4.67822265625

6.19586181640625

9.239349365234375

13.50994873046875

5.187286376953125

4.143829345703125

-7.349212646484375

-18.064605712890625

-9.740875244140625

0.874542236328125

-22.336517333984375

-26.55767822265625

-28.310516357421875

12.62188720703125

19.8280029296875

31.641204833984375

13.124176025390625

-5.256622314453125

-7.000152587890625

-15.797088623046875

-26.7408447265625

-23.460723876953125

-20.876556396484375

-13.41302490234375

2.08758544921875

24.2574462890625

39.18719482421875

36.657379150390625

36.91888427734375

49.245147705078125

32.009735107421875

40.82147216796875

35.614593505859375

25.706207275390625

31.38616943359375

18.122650146484375

23.509552001953125

29.06024169921875

6.68963623046875

7.72979736328125

9.637237548828125

7.465240478515625

6.91802978515625

8.4488525390625

8.993194580078125

6.994384765625

11.862060546875

10.91778564453125

6.5751953125

5.04693603515625

5.092132568359375

-3.04998779296875

5.801361083984375

3.88787841796875

1.288909912109375

4.2216796875

-6.214080810546875

-2.7498779296875

1.90252685546875

-7.34466552734375

-2.53973388671875

-14.507293701171875

-17.925048828125

-19.492889404296875

-36.0609130859375

-38.7176513671875

-37.026275634765625

-37.043212890625

-40.822845458984375

-40.307525634765625

-30.205780029296875

-27.720123291015625

-17.381591796875

-23.190338134765625

-21.910888671875

-21.121978759765625

-6.781005859375

0.580596923828125

3.85504150390625

10.96075439453125

16.186492919921875

30.4696044921875

38.262359619140625

45.98883056640625

64.26766967773438

10.135284423828125

9.998870849609375

40.47039794921875

20.528350830078125

6.173126220703125

-7.609771728515625

-42.361114501953125

-6.103424072265625

22.993072509765625

-36.90087890625

-46.58624267578125

-10.582611083984375

-7.3134765625

-15.53533935546875

-30.342041015625

-38.304046630859375

-27.790313720703125

4.614593505859375

7.823150634765625

8.3870849609375

12.991912841796875

9.178131103515625

2.117401123046875

-15.97894287109375

-37.24310302734375

-30.86767578125

-27.697662353515625

-35.063323974609375

-47.068267822265625

-49.852752685546875

-58.942962646484375

-56.65350341796875

-43.140625

-41.68304443359375

-42.79388427734375

-43.40509033203125

-39.2740478515625

-38.098968505859375

-30.880859375

-24.14398193359375

-6.171783447265625

7.188873291015625

21.765594482421875

20.437835693359375

29.755615234375

34.50274658203125

26.692291259765625

33.168853759765625

26.163421630859375

29.464385986328125

44.990753173828125

44.371246337890625

40.684356689453125

53.54803466796875

50.23126220703125

50.6466064453125

53.01983642578125

36.08294677734375

18.10333251953125

6.102752685546875

-14.931976318359375

-46.052886962890625

-65.23748779296875

-79.88720703125

-71.02398681640625

-80.6688232421875

-89.20526123046875

-73.79653930664062

-78.73895263671875

-84.6734619140625

-58.07781982421875

-35.633331298828125

-36.480316162109375

-1.87054443359375

23.84991455078125

26.432769775390625

39.69329833984375

30.015350341796875

35.165740966796875

19.45953369140625

16.183502197265625

10.950408935546875

15.73468017578125

12.8822021484375

24.645660400390625

11.470794677734375

38.71246337890625

52.6949462890625

39.86248779296875

50.93402099609375

42.4462890625

31.1497802734375

35.23443603515625

31.9158935546875

24.46392822265625

17.046112060546875

14.78216552734375

1.595672607421875

-3.32476806640625

-12.26300048828125

-1.58441162109375

-11.917724609375

1.3115234375

6.71868896484375

2.3453369140625

3.45623779296875

-2.974578857421875

-8.08697509765625

0.4742431640625

-0.762908935546875

-0.34588623046875

15.973541259765625

4.404693603515625

11.163330078125

16.38372802734375

17.698028564453125

19.648681640625

17.399139404296875

33.06781005859375

16.010162353515625

8.635650634765625

7.553131103515625

4.76507568359375

-2.598419189453125

-0.10687255859375

7.72723388671875

16.25860595703125

13.3345947265625

10.090087890625

13.00201416015625

8.574310302734375

5.8092041015625

6.374053955078125

-8.67254638671875

-24.704132080078125

-29.57989501953125

-47.586181640625

-69.91635131835938

-47.447113037109375

-57.82952880859375

-42.92547607421875

-33.3489990234375

-24.38275146484375

39.154541015625

34.0709228515625

42.47412109375

46.88836669921875

38.6103515625

43.82562255859375

47.3218994140625

37.711456298828125

30.56170654296875

32.49737548828125

41.28411865234375

41.154693603515625

13.5029296875

6.182037353515625

7.190582275390625

29.024871826171875

38.48681640625

10.353271484375

1.335113525390625

22.439178466796875

26.905731201171875

14.074371337890625

4.162109375

-5.49102783203125

-31.426300048828125

0.9014892578125

33.049102783203125

40.366485595703125

80.93722534179688

49.55743408203125

-38.006744384765625

-33.18426513671875

-66.07180786132812

-19.493194580078125

-83.41497802734375

-115.36538696289062

-148.95220947265625

-115.04718017578125

-76.16641235351562

-67.52560424804688

-68.07550048828125

-97.03839111328125

-101.9595947265625

-60.165802001953125

-30.704345703125

3.72027587890625

46.76544189453125

97.99310302734375

31.708160400390625

5.100860595703125

42.49993896484375

42.615966796875

2.471649169921875

23.51513671875

2.3323974609375

-62.834503173828125

-91.1090087890625

-111.76873779296875

-143.09033203125

-133.11285400390625

-121.074462890625

-83.07681274414062

-47.551025390625

-49.188568115234375

-68.61581420898438

-65.37115478515625

-115.6884765625

-134.17083740234375

-135.984619140625

-101.96505737304688

-117.25494384765625

-123.5423583984375

-85.17453002929688

-81.8209228515625

-26.435943603515625

81.17660522460938

131.02566528320312

151.41012573242188

167.5206298828125

167.5186767578125

88.10946655273438

34.7655029296875

81.78219604492188

167.56716918945312

208.60079956054688

192.17681884765625

160.67080688476562

120.04421997070312

70.55892944335938

42.43646240234375

20.362091064453125

45.283966064453125

71.23980712890625

80.0250244140625

65.86734008789062

33.181549072265625

32.383941650390625

14.71697998046875

-7.6861572265625

15.85333251953125

23.36370849609375

20.754425048828125

23.929840087890625

4.278594970703125

-3.069580078125

7.667877197265625

35.538116455078125

44.121124267578125

21.908538818359375

28.93048095703125

24.8748779296875

8.398468017578125

13.87115478515625

10.5799560546875

0.15155029296875

2.099334716796875

8.167266845703125

3.049530029296875

4.794036865234375

5.853118896484375

2.771270751953125

0.7774658203125

-23.78887939453125

-41.200408935546875

-54.2138671875

-64.41043090820312

-69.54489135742188

-62.091400146484375

-79.88339233398438

-77.73910522460938

-79.10452270507812

-73.65301513671875

-73.240234375

-69.22271728515625

-63.452484130859375

-64.72076416015625

-62.197662353515625

-56.8533935546875

-53.840667724609375

-38.38812255859375

-35.68109130859375

-21.836822509765625

13.4464111328125

49.2008056640625

65.33535766601562

69.36825561523438

66.91693115234375

69.82708740234375

70.9349365234375

61.655975341796875

54.837982177734375

54.63726806640625

57.581451416015625

49.30718994140625

44.432281494140625

46.150482177734375

39.20941162109375

34.484619140625

38.913818359375

21.700897216796875

21.769989013671875

20.971832275390625

19.265472412109375

11.843109130859375

8.513214111328125

7.429840087890625

-15.942474365234375

-35.64959716796875

-45.506256103515625

-46.121490478515625

-49.566070556640625

-54.80682373046875

-54.51068115234375

-69.5389404296875

-65.59197998046875

-62.351104736328125

-71.72714233398438

-64.95956420898438

-65.90475463867188

-63.500946044921875

-57.9716796875

-50.14459228515625

-46.29638671875

-47.468017578125

-36.954315185546875

-41.3448486328125

-22.881744384765625

-11.4520263671875

3.66998291015625

24.665283203125

36.461090087890625

51.6197509765625

55.314544677734375

54.74542236328125

63.207977294921875

57.259429931640625

62.994842529296875

56.207427978515625

54.096527099609375

53.01513671875

53.348663330078125

49.901031494140625

43.886260986328125

34.19085693359375

38.203338623046875

34.06329345703125

26.6142578125

31.66192626953125

28.32537841796875

21.332061767578125

19.319549560546875

19.707855224609375

19.05615234375

15.2242431640625

11.711761474609375

11.2164306640625

9.178924560546875

6.24493408203125

-6.705718994140625

-38.546722412109375

-46.152313232421875

-38.109375

-47.807861328125

-46.624481201171875

-53.92828369140625

-57.782318115234375

-62.669036865234375

-58.841278076171875

-54.316192626953125

-57.480987548828125

-58.697723388671875

-57.4725341796875

-63.167510986328125

-57.21295166015625

-49.1591796875

-46.6510009765625

-26.266845703125

-11.851287841796875

4.72369384765625

14.864837646484375

19.244140625

45.569122314453125

45.944793701171875

46.75128173828125

51.636138916015625

50.730712890625

52.00115966796875

48.592681884765625

45.996673583984375

50.091796875

46.185882568359375

40.27490234375

38.625762939453125

35.457427978515625

42.79913330078125

34.165557861328125

31.917633056640625

26.14056396484375

24.172821044921875

22.818572998046875

19.858367919921875

17.252532958984375

20.9542236328125

18.974029541015625

10.4405517578125

12.751434326171875

5.82244873046875

0.7572021484375

-20.353424072265625

-37.573272705078125

-29.21759033203125

-34.002899169921875

-47.89190673828125
